B030510010 1.5 1.5 5.0 3.0 6.5 7.5 8.0 10.5 26.0
B030510011 2.0 2.5 4.5 5.5 8.5 9.0 12.5 13.5 27.5
B030510012 2.5 2.0 7.0 8.0 6.0 13.5 14.5 14.0 30.0
B030510013 1.5 1.5 2.0 3.0 3.5 5.5 2.0 3.5 13.0
B030510014 4.0 1.5 3.0 4.0 5.0 5.0 9.0 7.5 24.0
B030510015 1.5 2.0 5.0 3.0 6.5 7.5 8.0 10.5 22.0
B030510016 2.5 2.0 4.5 5.5 8.5 9 12.5 13.5 27.5
B030510017 2.5 2.0 7.0 8.0 6.0 13.5 14.5 14.0 30.0
B030510018 2.0 1.5 4.5 5.5 9.5 9 12.5 15.5 29.5
B030510019 1.5 2.5 5.0 3.0 12.5 7.5 8.0 12.5 22.5
B030510010 1.5 1.5 2.0 3.0 3.5 5.5 2.0 3.5 13.0
B030510011 2.0 2.5 4.5 5.5 8.5 9.0 12.5 13.5 27.5
B030510012 1.0 1.5 3.0 4.0 5.0 5.0 9.5 8.5 29.0
B030510013 2.5 2.0 7.0 8.0 6.0 13.5 14.5 14.0 30.0
B030510014 1.5 1.5 2.0 3.0 3.5 5.5 2.0 3.5 13.0
B030510015 1.5 2.0 5.0 3.0 6.5 7.5 8.0 10.5 22.0
B030510016 2.5 2.0 7.0 8.0 6.0 13.5 14.5 14.0 30.0
B030510017 2.0 2.0 5.0 3.0 6.5 7.5 8.0 14.5 24.0
B030510018 2.0 1.5 4.5 5.5 9.5 9 12.5 15.5 29.5
B030510019 1.5 2.5 5.0 3.0 12.5 7.5 8.0 12.5 22.5
B030510020 1.5 1.5 5.0 3.0 6.5 7.5 8.0 10.5 26.0
B030510021 2.0 2.5 4.5 5.5 8.5 9.0 12.5 13.5 27.5
B030510022 1.0 1.5 3.0 4.0 5.0 5.0 9.5 8.5 20.0
B030510023 2.0 1.5 2.0 5.0 5.0 6.0 7.0 6.5 23.0
B030510024 4.0 1.5 3.0 4.0 5.0 5.0 9.0 7.5 24.0
B030510025 2.5 2.0 7.0 8.0 6.0 13.5 14.5 14.0 30.0
B030510026 2.5 2.0 4.5 5.5 8.5 9 12.5 13.5 27.5
B030510027 2.0 2.0 5.0 3.0 6.5 7.5 8.0 14.5 24.0
B030510028 2.0 1.5 4.5 5.5 9.5 9 12.5 15.5 29.5
B030510029 1.5 2.5 5.0 3.0 12.5 7.5 8.0 12.5 22.5
B030510030 1.5 1.5 2.0 3.0 3.5 5.5 2.0 3.5 13.0
B030510031 2.5 2.0 7.0 8.0 6.0 13.5 14.5 14.0 30.0
B030510032 1.0 1.5 3.0 4.0 5.0 5.0 9.5 8.5 20.0
B030510033 2.0 1.5 2.0 5.0 5.0 6.0 7.0 6.5 23.0
B030510034 4.0 1.5 3.0 4.0 5.0 5.0 9.0 7.5 24.0
B030510035 1.5 2.0 5.0 3.0 6.5 7.5 8.0 10.5 22.0
B030510036 2.5 2.0 4.5 5.5 8.5 9 12.5 13.5 27.5
B030510037 2.0 2.0 5.0 3.0 6.5 7.5 8.0 14.5 24.0
B030510038 2.0 1.5 4.5 5.5 9.5 9 12.5 15.5 29.5
B030510039 1.5 2.5 5.0 3.0 12.5 7.5 8.0 12.5 22.5
B030510040 2.5 2.0 7.0 8.0 6.0 13.5 14.5 14.0 30.0
B030510041 2.0 2.5 4.5 5.5 8.5 9.0 12.5 13.5 27.5
B030510042 1.0 1.5 3.0 4.0 5.0 5.0 9.5 8.5 20.0
B030510043 2.0 1.5 2.0 5.0 5.0 6.0 7.0 6.5 23.0
B030510044 4.0 1.5 3.0 4.0 5.0 5.0 9.0 7.5 24.0
B030510045 1.5 2.0 5.0 3.0 6.5 7.5 8.0 10.5 22.0
B030510046 2.5 2.0 4.5 5.5 8.5 9 12.5 13.5 27.5
B030510047 2.5 2.0 7.0 8.0 6.0 13.5 14.5 14.0 30.0
B030510048 2.0 1.5 4.5 5.5 9.5 9 12.5 15.5 29.5
B030510049 1.5 2.5 5.0 3.0 12.5 7.5 8.0 12.5 22.5
